# 
0.000000000000000000e+00
9.663841271033389191e+00
1.906826634157972933e+01
2.822023908195391328e+01
3.712653632707644391e+01
4.579375251881305786e+01
5.422830603028564411e+01
6.243644238677433833e+01
7.042423954779472695e+01
7.819761225469540022e+01
8.576231650675866547e+01
9.312395382472176664e+01
1.002879753230075579e+02
1.048355237924881465e+02
1.084638794633700485e+02
1.119948355420669799e+02
1.154310066164784274e+02
1.187749370645765623e+02
1.220291029994923804e+02
1.251959141316072248e+02
1.282777154205612362e+02
1.312767888436740122e+02
1.341953551385963692e+02
1.370355753915193304e+02
1.397995527706243877e+02
1.412731360949897237e+02
1.415074000607260132e+02
1.417353754433478628e+02
1.419572310839786837e+02
1.421731313433998878e+02
1.423832360665249155e+02
1.425877007525497504e+02
1.427866766879303668e+02
1.429803111277051642e+02
1.431687476673446611e+02
1.433521258525787232e+02
1.435305814012250494e+02
1.430940748921341878e+02
1.408634972542222386e+02
1.386927972530855584e+02
1.365803675296603785e+02
1.345246438767471204e+02
1.325241040767570837e+02
1.305772667795458517e+02
1.286826904483037595e+02
1.268389722052970541e+02
1.250447467551724543e+02
1.232986853776727116e+02
1.215994952153111512e+02
1.199459180774370139e+02
# 
