# 
0.000000000000000000e+00
3.665277903673467841e-01
7.330555807346937902e-01
1.099583371102040630e+00
1.466111161469387580e+00
1.832638951836734309e+00
2.199166742204080816e+00
2.565694532571427988e+00
2.932222322938775605e+00
3.298750113306121001e+00
3.665277903673467730e+00
4.031805694040815347e+00
4.398333484408160743e+00
4.589419609339630668e+00
4.722025192033509455e+00
4.854630774727386466e+00
4.987236357421262589e+00
5.119841940115140488e+00
5.252447522809018388e+00
5.385053105502896287e+00
5.517658688196773298e+00
5.650264270890650309e+00
5.782869853584528208e+00
5.915475436278405219e+00
6.048081018972280454e+00
6.092965718351076809e+00
6.050129645289852753e+00
6.007293572228627809e+00
5.964457499167404642e+00
5.921621426106180586e+00
5.878785353044954753e+00
5.835949279983730698e+00
5.793113206922505753e+00
5.750277133861281698e+00
5.707441060800056754e+00
5.664604987738832698e+00
5.621768914677607754e+00
5.535072327867751163e+00
5.316794599051422487e+00
5.098516870235095588e+00
4.880239141418770465e+00
4.661961412602441790e+00
4.443683683786116667e+00
4.225405954969789768e+00
4.007128226153461092e+00
3.788850497337135526e+00
3.570572768520808626e+00
3.352295039704482171e+00
3.134017310888156604e+00
2.915739582071829705e+00
# 
