# 
0.000000000000000000e+00
3.131577724081631153e-01
6.263155448163264527e-01
9.394733172244896791e-01
1.252631089632652905e+00
1.565788862040816021e+00
1.878946634448978914e+00
2.192104406857142695e+00
2.505262179265306255e+00
2.818419951673468482e+00
3.131577724081631597e+00
3.444735496489795601e+00
3.757893268897956940e+00
3.921155391973736304e+00
4.034452309633601352e+00
4.147749227293465069e+00
4.261046144953327897e+00
4.374343062613191613e+00
4.487639980273056217e+00
4.600936897932919933e+00
4.714233815592783650e+00
4.827530733252647366e+00
4.940827650912511082e+00
5.054124568572374798e+00
5.167421486232237626e+00
5.205770535996203208e+00
5.169171812594843374e+00
5.132573089193482652e+00
5.095974365792122818e+00
5.059375642390762096e+00
5.022776918989400485e+00
4.986178195588040651e+00
4.949579472186679929e+00
4.912980748785319207e+00
4.876382025383958485e+00
4.839783301982597763e+00
4.803184578581237929e+00
4.729111859638002180e+00
4.542617495175414355e+00
4.356123130712830083e+00
4.169628766250245810e+00
3.983134401787659318e+00
3.796640037325075490e+00
3.610145672862489885e+00
3.423651308399902948e+00
3.237156943937318676e+00
3.050662579474733516e+00
2.864168215012147911e+00
2.677673850549564083e+00
2.491179486086978923e+00
# 
