# 
0.000000000000000000e+00
3.241283013877549468e-01
6.482566027755101157e-01
9.723849041632651735e-01
1.296513205551020231e+00
1.620641506938775178e+00
1.944769808326529903e+00
2.268898109714285294e+00
2.593026411102040907e+00
2.917154712489794743e+00
3.241283013877549912e+00
3.565411315265305525e+00
3.889539616653058918e+00
4.058521131071736399e+00
4.175787061248607657e+00
4.293052991425478915e+00
4.410318921602348397e+00
4.527584851779218766e+00
4.644850781956090024e+00
4.762116712132960394e+00
4.879382642309831652e+00
4.996648572486702022e+00
5.113914502663572392e+00
5.231180432840442762e+00
5.348446363017312244e+00
5.388138854965516700e+00
5.350258006734224914e+00
5.312377158502932240e+00
5.274496310271640453e+00
5.236615462040347779e+00
5.198734613809054217e+00
5.160853765577762431e+00
5.122972917346469757e+00
5.085092069115177082e+00
5.047211220883884408e+00
5.009330372652591734e+00
4.971449524421299060e+00
4.894781893323992605e+00
4.701754266684534223e+00
4.508726640045078504e+00
4.315699013405623674e+00
4.122671386766166179e+00
3.929643760126711793e+00
3.736616133487255631e+00
3.543588506847798136e+00
3.350560880208342862e+00
3.157533253568886700e+00
2.964505626929430981e+00
2.771478000289976151e+00
2.578450373650519989e+00
# 
