# 
0.000000000000000000e+00
3.346938775510202579e-01
6.693877551020407379e-01
1.004081632653061051e+00
1.338775510204081476e+00
1.673469387755101678e+00
2.008163265306121659e+00
2.342857142857142527e+00
2.677551020408163396e+00
3.012244897959182488e+00
3.346938775510202912e+00
3.681632653061223781e+00
4.016326530612242429e+00
4.190816317690636339e+00
4.311904753064786711e+00
4.432993188438936194e+00
4.554081623813084789e+00
4.675170059187234273e+00
4.796258494561384644e+00
4.917346929935534128e+00
5.038435365309683611e+00
5.159523800683833095e+00
5.280612236057982578e+00
5.401700671432132062e+00
5.522789106806279769e+00
5.563775450741469619e+00
5.524659804482966230e+00
5.485544158224462841e+00
5.446428511965960340e+00
5.407312865707456950e+00
5.368197219448952673e+00
5.329081573190449284e+00
5.289965926931945894e+00
5.250850280673442505e+00
5.211734634414939116e+00
5.172618988156435726e+00
5.133503341897932337e+00
5.054336584090160400e+00
4.855016856199001474e+00
4.655697128307845212e+00
4.456377400416689838e+00
4.257057672525531800e+00
4.057737944634376426e+00
3.858418216743219720e+00
3.659098488852061237e+00
3.459778760960905419e+00
3.260459033069748713e+00
3.061139305178592007e+00
2.861819577287436633e+00
2.662499849396279927e+00
# 
