# 
0.000000000000000000e+00
8.875682989119679789e+00
1.754674843638996151e+01
2.601791355137099160e+01
3.429378677286315735e+01
4.237887029058965283e+01
5.027756254756098286e+01
5.799416057516718581e+01
6.553286230469143447e+01
7.289776889761452594e+01
8.009288699902113251e+01
8.712213086731144074e+01
9.398932445944494418e+01
9.827051656017759740e+01
1.016531772826700433e+02
1.049578550852702818e+02
1.081863477644301383e+02
1.113404116559741652e+02
1.144217626019687089e+02
1.174320769174232169e+02
1.203729923147847245e+02
1.232461087097130843e+02
1.260529890909319306e+02
1.287951604460410522e+02
1.314741145354049650e+02
1.328739269103967047e+02
1.330382094186572886e+02
1.331987046037376672e+02
1.333554997774160995e+02
1.335086802501611203e+02
1.336583293980676785e+02
1.338045286235069398e+02
1.339473574223168839e+02
1.340868934362036669e+02
1.342232125320260252e+02
1.343563889810156695e+02
1.344864952304998269e+02
1.340031342738035391e+02
1.317207435372304474e+02
1.294909703827119927e+02
1.273126016483189602e+02
1.251844523379753014e+02
1.231053649525902784e+02
1.210742085124735183e+02
1.190898779571134583e+02
1.171512935131406437e+02
1.152574004910052565e+02
1.134071688634534638e+02
1.115995919571344501e+02
1.098336862831399259e+02
# 
