# 
0.000000000000000000e+00
3.080472384489795767e-01
6.160944768979590425e-01
9.241417153469386747e-01
1.232188953795918085e+00
1.540236192244897495e+00
1.848283430693877349e+00
2.156330669142856760e+00
2.464377907591836614e+00
2.772425146040816024e+00
3.080472384489793658e+00
3.388519622938776177e+00
3.696566861387757363e+00
3.829172398050600723e+00
3.903297428826110860e+00
3.977422459601620108e+00
4.051547490377130245e+00
4.125672521152640826e+00
4.199797551928150519e+00
4.273922582703661099e+00
4.348047613479170792e+00
4.422172644254680485e+00
4.496297675030191954e+00
4.570422705805701646e+00
4.644547736581214004e+00
4.630951885795334455e+00
4.529635260815742193e+00
4.428318635836150818e+00
4.327002010856559444e+00
4.225685385876967182e+00
4.124368760897374919e+00
4.023052135917782657e+00
3.921735510938191283e+00
3.820418885958599908e+00
3.719102260979008090e+00
3.617785635999415383e+00
3.516469011019824009e+00
3.371291943004862457e+00
3.094533662270168684e+00
2.817775381535474910e+00
2.541017100800782025e+00
2.264258820066087363e+00
1.987500539331394034e+00
1.710742258596700260e+00
1.433983977862004489e+00
1.157225697127310493e+00
8.804674163926167196e-01
6.037091356579230572e-01
3.269508549232293948e-01
5.019257418853665526e-02
# 
