# 
0.000000000000000000e+00
2.631925587210884876e-01
5.263851174421768642e-01
7.895776761632652407e-01
1.052770234884353728e+00
1.315962793605441883e+00
1.579155352326530481e+00
1.842347911047619080e+00
2.105540469768707901e+00
2.368733028489796055e+00
2.631925587210882878e+00
2.895118145931973697e+00
3.158310704653063627e+00
3.271607582984460194e+00
3.334939286957249394e+00
3.398270990930037705e+00
3.461602694902826904e+00
3.524934398875615660e+00
3.588266102848405303e+00
3.651597806821194059e+00
3.714929510793983258e+00
3.778261214766772014e+00
3.841592918739561657e+00
3.904924622712350857e+00
3.968256326685141389e+00
3.956640164260369463e+00
3.870076227171934224e+00
3.783512290083498986e+00
3.696948352995063747e+00
3.610384415906628508e+00
3.523820478818192825e+00
3.437256541729757142e+00
3.350692604641321459e+00
3.264128667552886665e+00
3.177564730464451426e+00
3.091000793376015299e+00
3.004436856287580504e+00
2.880398984073992530e+00
2.643939405924332409e+00
2.407479827774672732e+00
2.171020249625013498e+00
1.934560671475353155e+00
1.698101093325693700e+00
1.461641515176033801e+00
1.225181937026372347e+00
9.887223588767124483e-01
7.522627807270526601e-01
5.158032025773928719e-01
2.793436244277331948e-01
4.288404627807427399e-02
# 
