# 
0.000000000000000000e+00
2.724127085850340246e-01
5.448254171700679382e-01
8.172381257551019074e-01
1.089650834340135876e+00
1.362063542925169735e+00
1.634476251510203815e+00
1.906888960095237895e+00
2.179301668680272197e+00
2.451714377265306055e+00
2.724127085850338137e+00
2.996539794435375104e+00
3.268952503020410294e+00
3.386218392491060936e+00
3.451768729865210439e+00
3.517319067239359498e+00
3.582869404613509001e+00
3.648419741987658504e+00
3.713970079361808452e+00
3.779520416735957955e+00
3.845070754110107458e+00
3.910621091484256961e+00
3.976171428858407353e+00
4.041721766232556412e+00
4.107272103606708136e+00
4.095249004303018303e+00
4.005652563269005206e+00
3.916056122234991221e+00
3.826459681200977681e+00
3.736863240166964584e+00
3.647266799132950599e+00
3.557670358098936614e+00
3.468073917064923073e+00
3.378477476030909976e+00
3.288881034996896435e+00
3.199284593962882006e+00
3.109688152928868909e+00
2.981304991562078843e+00
2.736561772119901814e+00
2.491818552677725229e+00
2.247075333235549088e+00
2.002332113793371615e+00
1.757588894351195030e+00
1.512845674909018223e+00
1.268102455466839640e+00
1.023359236024662833e+00
7.786160165824860258e-01
5.338727971403093298e-01
2.891295776981325782e-01
4.438635825595672879e-02
# 
