# 
0.000000000000000000e+00
2.812925170068027447e-01
5.625850340136053784e-01
8.438775510204080677e-01
1.125170068027210757e+00
1.406462585034013335e+00
1.687755102040816135e+00
1.969047619047618936e+00
2.250340136054421958e+00
2.531632653061224314e+00
2.812925170068025338e+00
3.094217687074830803e+00
3.375510204081634935e+00
3.496598597422667876e+00
3.564285672252599735e+00
3.631972747082531150e+00
3.699659821912463009e+00
3.767346896742394868e+00
3.835033971572327172e+00
3.902721046402259031e+00
3.970408121232190890e+00
4.038095196062122305e+00
4.105782270892055053e+00
4.173469345721986912e+00
4.241156420551920547e+00
4.228741405544271359e+00
4.136224398741550345e+00
4.043707391938829332e+00
3.951190385136108318e+00
3.858673378333387305e+00
3.766156371530665847e+00
3.673639364727944390e+00
3.581122357925223376e+00
3.488605351122502807e+00
3.396088344319781793e+00
3.303571337517059892e+00
3.211054330714339322e+00
3.078486276933977361e+00
2.825765188498603031e+00
2.573044100063229145e+00
2.320323011627855703e+00
2.067601923192480928e+00
1.814880834757107264e+00
1.562159746321733156e+00
1.309438657886357271e+00
1.056717569450983163e+00
8.039964810156090547e-01
5.512753925802350574e-01
2.985543041448610602e-01
4.583321570948795803e-02
# 
