# 
0.000000000000000000e+00
8.163265306122449161e-01
1.632653061224489832e+00
2.448979591836734748e+00
3.265306122448979664e+00
4.081632653061224580e+00
4.897959183673469497e+00
5.714285714285714413e+00
6.530612244897959329e+00
7.346938775510204245e+00
8.163265306122449161e+00
8.979591836734694965e+00
9.795918367346938993e+00
1.061224489795918302e+01
1.142857142857142883e+01
1.224489795918367463e+01
1.306122448979591866e+01
1.387755102040816269e+01
1.469387755102040849e+01
1.551020408163265429e+01
1.632653061224489832e+01
1.714285714285714235e+01
1.795918367346938993e+01
1.877551020408163396e+01
1.959183673469387799e+01
2.040816326530612201e+01
2.122448979591836604e+01
2.204081632653061362e+01
2.285714285714285765e+01
2.367346938775510168e+01
2.448979591836734926e+01
2.530612244897959329e+01
2.612244897959183731e+01
2.693877551020408134e+01
2.775510204081632537e+01
2.857142857142857295e+01
2.938775510204081698e+01
3.020408163265306101e+01
3.102040816326530859e+01
3.183673469387755262e+01
3.265306122448979664e+01
3.346938775510204067e+01
3.428571428571428470e+01
3.510204081632652873e+01
3.591836734693877986e+01
3.673469387755102389e+01
3.755102040816326792e+01
3.836734693877551194e+01
3.918367346938775597e+01
4.000000000000000000e+01
# 
