# 
0.000000000000000000e+00
1.210320407195373704e+01
2.392738423091323341e+01
3.547897307274655532e+01
4.676425502337099971e+01
5.778936890146886896e+01
6.856031265077656656e+01
7.908294627246479536e+01
8.936299400610869270e+01
9.940604841888519161e+01
1.092175730481346534e+02
1.188029055077032154e+02
1.281672603991319193e+02
1.342811231211024108e+02
1.392542461458988328e+02
1.441127202649085746e+02
1.488591891600717929e+02
1.534962348731220061e+02
1.580263793436567994e+02
1.624520860728778473e+02
1.667757626582698549e+02
1.709997614476742740e+02
1.751263810728454473e+02
1.791578681341993331e+02
1.830964155762565895e+02
1.857267880674744447e+02
1.870932562192364799e+02
1.884282221923262171e+02
1.897324122314226713e+02
1.910065358361146082e+02
1.922512861494023753e+02
1.934673403350103342e+02
1.946553599251803917e+02
1.958159911928674148e+02
1.969498655411649111e+02
1.980575998470444006e+02
1.991397968086272670e+02
1.993830903797413896e+02
1.972072088505641432e+02
1.950814894905186918e+02
1.930047758733688568e+02
1.909759382345204983e+02
1.889938728546149491e+02
1.870575014698775647e+02
1.851657707008007492e+02
1.833176514207349896e+02
1.815121381917565486e+02
1.797482487023068245e+02
1.780250233469146792e+02
1.763415247260317642e+02
# 
