# 
0.000000000000000000e+00
5.012618735860057129e-01
1.002523747172011426e+00
1.503785620758017139e+00
2.005047494344022851e+00
2.506309367930029008e+00
3.007571241516032945e+00
3.508833115102039102e+00
4.010094988688044815e+00
4.511356862274050528e+00
5.012618735860056240e+00
5.513880609446060177e+00
6.015142483032065002e+00
6.297102305153044810e+00
6.505961419147213931e+00
6.714820533141382164e+00
6.923679647135552173e+00
7.132538761129721294e+00
7.341397875123889527e+00
7.550256989118058648e+00
7.759116103112229546e+00
7.967975217106398667e+00
8.176834331100568676e+00
8.385693445094736020e+00
8.594552559088906918e+00
8.715691212446783354e+00
8.749108670685849631e+00
8.782526128924917685e+00
8.815943587163983963e+00
8.849361045403052017e+00
8.882778503642118295e+00
8.916195961881184573e+00
8.949613420120252627e+00
8.983030878359318905e+00
9.016448336598386959e+00
9.049865794837453237e+00
9.083283253076523067e+00
9.058220173556010835e+00
8.857715424121609615e+00
8.657210674687206620e+00
8.456705925252803624e+00
8.256201175818402405e+00
8.055696426383999409e+00
7.855191676949597301e+00
7.654686927515193418e+00
7.454182178080791310e+00
7.253677428646389203e+00
7.053172679211986207e+00
6.852667929777584099e+00
6.652163180343181992e+00
# 
