# 
0.000000000000000000e+00
4.577259475218658502e-01
9.154518950437317004e-01
1.373177842565597384e+00
1.830903790087463401e+00
2.288629737609329418e+00
2.746355685131193436e+00
3.204081632653059675e+00
3.661807580174925469e+00
4.119533527696791708e+00
4.577259475218657059e+00
5.034985422740521521e+00
5.492711370262385984e+00
5.750182232389063230e+00
5.940901377189840460e+00
6.131620521990617689e+00
6.322339666791395807e+00
6.513058811592173036e+00
6.703777956392950266e+00
6.894497101193727495e+00
7.085216245994506501e+00
7.275935390795283730e+00
7.466654535596061848e+00
7.657373680396838189e+00
7.848092825197617195e+00
7.958710264527447009e+00
7.989225327695571366e+00
8.019740390863695723e+00
8.050255454031820079e+00
8.080770517199944436e+00
8.111285580368068793e+00
8.141800643536193149e+00
8.172315706704317506e+00
8.202830769872441863e+00
8.233345833040566220e+00
8.263860896208690576e+00
8.294375959376816709e+00
8.271489674929783931e+00
8.088399295921037790e+00
7.905308916912290762e+00
7.722218537903543734e+00
7.539128158894798482e+00
7.356037779886052341e+00
7.172947400877306201e+00
6.989857021868558284e+00
6.806766642859812144e+00
6.623676263851066004e+00
6.440585884842318976e+00
6.257495505833572835e+00
6.074405126824826695e+00
# 
