# 
0.000000000000000000e+00
4.432765097376092922e-01
8.865530194752185844e-01
1.329829529212827710e+00
1.773106038950437169e+00
2.216382548688046850e+00
2.659659058425654088e+00
3.102935568163263991e+00
3.546212077900873005e+00
3.989488587638482908e+00
4.432765097376091923e+00
4.876041607113699605e+00
5.319318116851307288e+00
5.568661169698873259e+00
5.753359715422877052e+00
5.938058261146880845e+00
6.122756806870885526e+00
6.307455352594888431e+00
6.492153898318892224e+00
6.676852444042896018e+00
6.861550989766901587e+00
7.046249535490905380e+00
7.230948081214910061e+00
7.415646626938912078e+00
7.600345172662917648e+00
7.707470653942076311e+00
7.737022421257917060e+00
7.766574188573757809e+00
7.796125955889598558e+00
7.825677723205438419e+00
7.855229490521279168e+00
7.884781257837119917e+00
7.914333025152960666e+00
7.943884792468801415e+00
7.973436559784641275e+00
8.002988327100482024e+00
8.032540094416324550e+00
8.010376281450360736e+00
7.833065677555318018e+00
7.655755073660273524e+00
7.478444469765229030e+00
7.301133865870186312e+00
7.123823261975142707e+00
6.946512658080099989e+00
6.769202054185054607e+00
6.591891450290011001e+00
6.414580846394967395e+00
6.237270242499922901e+00
6.059959638604879295e+00
5.882649034709835689e+00
# 
