# 
0.000000000000000000e+00
4.282732601749271173e-01
8.565465203498542346e-01
1.284819780524781185e+00
1.713093040699708469e+00
2.141366300874635531e+00
2.569639561049561038e+00
2.997912821224488322e+00
3.426186081399415606e+00
3.854459341574342890e+00
4.282732601749269286e+00
4.711005861924195237e+00
5.139279122099121189e+00
5.380182846522071571e+00
5.558630038261624051e+00
5.737077230001176531e+00
5.915524421740729899e+00
6.093971613480283267e+00
6.272418805219835747e+00
6.450865996959388227e+00
6.629313188698943371e+00
6.807760380438495851e+00
6.986207572178049219e+00
7.164654763917601699e+00
7.343101955657155955e+00
7.446601640633448760e+00
7.475153191311777690e+00
7.503704741990105731e+00
7.532256292668433773e+00
7.560807843346762702e+00
7.589359394025090744e+00
7.617910944703419673e+00
7.646462495381747715e+00
7.675014046060076645e+00
7.703565596738404686e+00
7.732117147416733616e+00
7.760668698095063434e+00
7.739255047183448255e+00
7.567945743113477342e+00
7.396636439043506428e+00
7.225327134973534626e+00
7.054017830903564601e+00
6.882708526833594576e+00
6.711399222763623662e+00
6.540089918693650972e+00
6.368780614623680947e+00
6.197471310553710033e+00
6.026162006483738232e+00
5.854852702413768206e+00
5.683543398343797293e+00
# 
